Epoch: 1, Loss: 0.411221, Learning Rate: [0.001]
Epoch: 2, Loss: 0.352257, Learning Rate: [0.001]
Epoch: 3, Loss: 0.347148, Learning Rate: [0.001]
